This is Ipopt version 3.14.19, running with linear solver MUMPS 5.8.1.

Number of nonzeros in equality constraint Jacobian...:     4976
Number of nonzeros in inequality constraint Jacobian.:        0
Number of nonzeros in Lagrangian Hessian.............:   100421

Total number of variables............................:      706
                     variables with only lower bounds:        0
                variables with lower and upper bounds:      274
                     variables with only upper bounds:        0
Total number of equality constraints.................:      585
Total number of inequality constraints...............:        0
        inequality constraints with only lower bounds:        0
   inequality constraints with lower and upper bounds:        0
        inequality constraints with only upper bounds:        0

iter    objective    inf_pr   inf_du lg(mu)  ||d||  lg(rg) alpha_du alpha_pr  ls
   0  5.9827971e-01 1.95e+00 3.16e-02   0.0 0.00e+00    -  0.00e+00 0.00e+00   0
   1  2.7055534e-01 1.27e+00 1.25e+01  -0.3 1.63e+00    -  2.52e-02 3.47e-01f  1
   2  5.3797401e-01 6.72e-01 6.65e+00  -0.3 1.07e+00    -  5.10e-01 4.73e-01f  1
   3  8.6255292e-01 5.92e-02 9.13e-01  -0.7 6.76e-01    -  8.73e-01 1.00e+00f  1
   4  1.6500015e+00 6.51e-02 5.44e-01  -1.1 2.56e+00    -  8.43e-01 5.00e-01h  2
   5  6.8314918e-01 1.07e-02 2.18e-01  -2.0 6.91e-01    -  9.18e-01 1.00e+00h  1
   6  5.1885179e-01 5.44e-04 6.68e-02  -2.8 2.26e-01    -  9.94e-01 1.00e+00h  1
   7  5.0640625e-01 1.49e-05 1.72e-02  -4.0 1.67e-02   0.0 1.00e+00 1.00e+00h  1
   8  4.8121779e-01 1.38e-04 1.61e-02  -4.0 4.44e-02  -0.5 1.00e+00 1.00e+00h  1
   9  4.3081965e-01 9.70e-04 1.34e-02  -4.0 9.23e-02  -1.0 1.00e+00 1.00e+00h  1
iter    objective    inf_pr   inf_du lg(mu)  ||d||  lg(rg) alpha_du alpha_pr  ls
  10  3.7877219e-01 2.13e-03 9.20e-03  -4.0 1.22e-01  -1.4 1.00e+00 8.86e-01h  1
  11  3.5327378e-01 3.20e-04 6.93e-03  -4.0 5.01e-02  -1.0 1.00e+00 1.00e+00h  1
  12  2.5978562e-01 2.73e-02 1.33e-02  -4.0 4.27e-01  -1.5 1.00e+00 9.09e-01h  1
  13  2.1282810e-01 6.42e-04 1.72e-02  -4.0 1.59e-01  -1.1 1.00e+00 1.00e+00h  1
  14  1.7537861e-01 2.02e-03 8.36e-03  -4.0 1.17e-01  -1.5 1.00e+00 1.00e+00h  1
  15  1.6178675e-01 2.49e-04 4.87e-03  -4.0 5.28e-02  -1.1 1.00e+00 1.00e+00h  1
  16  1.4654615e-01 9.42e-04 2.67e-03  -4.0 7.63e-02  -1.6 1.00e+00 1.00e+00h  1
  17  1.4082708e-01 1.37e-04 2.33e-03  -4.0 2.85e-02  -1.2 1.00e+00 1.00e+00h  1
  18  1.2901593e-01 1.45e-03 2.53e-03  -4.0 9.73e-02  -1.6 1.00e+00 1.00e+00h  1
  19  1.2360418e-01 1.69e-04 2.30e-03  -4.0 3.55e-02  -1.2 1.00e+00 1.00e+00h  1
iter    objective    inf_pr   inf_du lg(mu)  ||d||  lg(rg) alpha_du alpha_pr  ls
  20  1.0646832e-01 2.33e-03 3.10e-03  -4.0 1.41e-01  -1.7 1.00e+00 9.12e-01h  1
  21  1.1797960e-01 3.24e-03 5.13e-02  -2.0 1.15e+01  -2.2 1.18e-01 6.01e-03f  1
  22  1.8398636e-01 4.78e-02 5.83e-02  -3.1 8.90e-01  -2.6 2.66e-01 5.69e-01h  1
  23  1.3891304e-01 4.81e-03 1.73e-02  -3.1 1.46e-01  -1.3 1.00e+00 1.00e+00h  1
  24  1.2818509e-01 1.18e-03 6.92e-03  -3.1 8.87e-02  -1.8 1.00e+00 1.00e+00h  1
  25  1.1141100e-01 8.87e-03 1.18e-02  -4.6 1.01e+00  -2.3 2.10e-01 2.05e-01h  1
  26  7.1689592e-02 2.07e-02 2.21e-02  -4.6 7.46e+01  -2.7 1.96e-03 3.33e-03f  1
  27  2.9093698e-02 1.84e-02 1.68e-02  -3.8 3.18e-01  -2.3 6.13e-01 9.56e-01h  1
  28  1.9811987e-02 1.99e-02 1.27e-02  -4.0 1.23e+00    -  1.27e-01 2.16e-01h  1
  29  1.3127532e-02 1.19e-02 5.91e-03  -4.0 3.30e-01  -2.8 6.75e-01 7.48e-01h  1
iter    objective    inf_pr   inf_du lg(mu)  ||d||  lg(rg) alpha_du alpha_pr  ls
  30  8.9705230e-03 1.09e-03 1.44e-03  -4.0 6.80e-02  -2.4 1.00e+00 1.00e+00h  1
  31  8.2266627e-03 1.19e-04 5.81e-04  -4.0 3.17e-02  -1.9 1.00e+00 1.00e+00h  1
  32  7.5442505e-03 3.00e-04 4.23e-04  -4.0 4.86e-02  -2.4 1.00e+00 1.00e+00h  1
  33  7.2714393e-03 4.31e-03 4.46e-04  -4.0 1.62e-01  -2.9 1.00e+00 1.00e+00h  1
  34  7.0359633e-03 4.79e-05 1.52e-04  -4.0 1.82e-02  -2.5 1.00e+00 1.00e+00h  1
  35  6.9750554e-03 9.75e-04 1.71e-04  -4.0 9.58e-02  -2.9 1.00e+00 1.00e+00h  1
  36  6.9540462e-03 1.75e-05 7.36e-05  -4.0 8.55e-03  -2.5 1.00e+00 1.00e+00h  1
  37  6.9459339e-03 1.78e-06 3.28e-05  -4.0 2.22e-03  -2.1 1.00e+00 1.00e+00h  1
  38  6.9404410e-03 1.35e-05 2.11e-05  -4.0 8.30e-03  -2.6 1.00e+00 1.00e+00h  1
  39  6.9377374e-03 1.22e-06 1.59e-05  -4.0 2.31e-03  -2.1 1.00e+00 1.00e+00h  1
iter    objective    inf_pr   inf_du lg(mu)  ||d||  lg(rg) alpha_du alpha_pr  ls
  40  6.9345231e-03 1.47e-05 1.48e-05  -4.0 1.03e-02  -2.6 1.00e+00 1.00e+00h  1
  41  6.9330072e-03 1.24e-06 1.44e-05  -4.0 2.67e-03  -2.2 1.00e+00 1.00e+00h  1
  42  6.9302995e-03 1.85e-05 1.49e-05  -4.0 1.25e-02  -2.7 1.00e+00 1.00e+00h  1
  43  6.9289952e-03 1.44e-06 1.36e-05  -4.0 2.99e-03  -2.2 1.00e+00 1.00e+00h  1
  44  6.9261424e-03 2.62e-05 1.41e-05  -4.0 1.52e-02  -2.7 1.00e+00 1.00e+00h  1
  45  6.9246305e-03 1.80e-06 1.27e-05  -4.0 3.30e-03  -2.3 1.00e+00 1.00e+00h  1
  46  6.9213014e-03 4.24e-05 1.68e-05  -4.0 1.88e-02  -2.8 1.00e+00 1.00e+00h  1
  47  6.9191950e-03 2.41e-06 1.17e-05  -4.0 3.61e-03  -2.4 1.00e+00 1.00e+00h  1
  48  6.9153069e-03 8.36e-05 2.20e-05  -4.0 2.44e-02  -2.8 1.00e+00 1.00e+00h  1
  49  6.9117849e-03 3.54e-06 1.33e-05  -4.0 3.86e-03  -2.4 1.00e+00 1.00e+00h  1
iter    objective    inf_pr   inf_du lg(mu)  ||d||  lg(rg) alpha_du alpha_pr  ls
  50  6.9084531e-03 2.24e-04 3.44e-05  -4.0 3.44e-02  -2.9 1.00e+00 1.00e+00h  1
  51  6.9004345e-03 5.86e-06 1.92e-05  -4.0 4.18e-03  -2.5 1.00e+00 1.00e+00h  1
  52  6.8759864e-03 2.37e-04 6.93e-05  -4.0 6.59e-02  -2.9 1.00e+00 1.00e+00H  1
  53  6.8800856e-03 7.99e-06 2.94e-05  -4.0 4.52e-03  -2.5 1.00e+00 1.00e+00h  1
  54  6.8836634e-03 1.34e-04 4.01e-03  -4.0 4.60e-01  -3.0 8.64e-01 4.99e-02h  5
  55  6.8101602e-03 7.14e-06 5.74e-05  -4.1 6.10e-03  -2.6 1.00e+00 1.00e+00h  1
  56  6.8364088e-03 1.72e-06 3.52e-05  -4.0 2.24e-03  -2.1 1.00e+00 1.00e+00h  1
  57  6.8525542e-03 1.23e-05 2.14e-05  -4.0 5.92e-03  -2.6 1.00e+00 1.00e+00h  1
  58  6.8070551e-03 1.35e-06 4.73e-05  -4.1 3.05e-03  -2.2 1.00e+00 1.00e+00h  1
  59  6.8388939e-03 1.74e-05 2.85e-05  -4.0 6.63e-03  -2.7 1.00e+00 1.00e+00h  1
iter    objective    inf_pr   inf_du lg(mu)  ||d||  lg(rg) alpha_du alpha_pr  ls
  60  6.7967146e-03 1.43e-06 4.18e-05  -4.1 2.99e-03  -2.2 1.00e+00 1.00e+00h  1
