This is Ipopt version 3.14.19, running with linear solver MUMPS 5.8.1.

Number of nonzeros in equality constraint Jacobian...:    46064
Number of nonzeros in inequality constraint Jacobian.:        8
Number of nonzeros in Lagrangian Hessian.............:        0

Total number of variables............................:     1642
                     variables with only lower bounds:        0
                variables with lower and upper bounds:      274
                     variables with only upper bounds:        0
Total number of equality constraints.................:     1521
Total number of inequality constraints...............:        1
        inequality constraints with only lower bounds:        0
   inequality constraints with lower and upper bounds:        0
        inequality constraints with only upper bounds:        1

iter    objective    inf_pr   inf_du lg(mu)  ||d||  lg(rg) alpha_du alpha_pr  ls
   0  1.5770853e+00 1.95e+00 1.62e-02   0.0 0.00e+00    -  0.00e+00 0.00e+00   0
   1  1.6080341e+00 1.86e+00 1.47e+00  -0.3 2.22e+00    -  2.34e-02 4.47e-02f  1
   2  1.7461555e+00 1.49e+00 1.81e+01  -0.6 2.94e+00    -  1.19e-01 2.00e-01f  1
   3  1.9100563e+00 1.09e+00 3.13e+01  -0.4 2.01e+00    -  8.41e-01 2.72e-01f  1
   4  2.3205162e+00 1.00e+00 6.65e+01   1.1 7.11e+00    -  5.30e-01 7.57e-02f  1
   5  3.7610836e+00 3.02e-01 6.56e+01   0.0 2.57e+00    -  4.94e-01 1.00e+00f  1
   6  2.8112239e+00 4.09e-02 4.66e+00  -0.7 6.02e-01    -  9.99e-01 8.64e-01h  1
   7  2.5833319e+00 1.00e-03 1.19e+00  -1.6 2.90e-01    -  9.90e-01 9.78e-01h  1
   8  2.2585788e+00 7.70e-04 1.63e+00  -2.1 3.10e-01    -  9.84e-01 1.00e+00f  1
   9  1.2085856e+00 1.60e-02 1.89e+00  -2.3 1.37e+00    -  9.95e-01 1.00e+00f  1
iter    objective    inf_pr   inf_du lg(mu)  ||d||  lg(rg) alpha_du alpha_pr  ls
  10  1.3196405e+00 4.54e-03 2.06e+00  -2.6 6.97e-01    -  1.00e+00 1.00e+00h  1
  11  1.1000487e+00 1.22e-03 1.23e+00  -3.0 3.19e-01    -  1.00e+00 1.00e+00h  1
  12  9.3606542e-01 1.02e-03 7.85e+00  -3.2 5.98e-01    -  1.00e+00 4.70e-01h  1
  13  8.0762684e-01 1.09e-03 9.79e+00  -2.6 1.39e+00    -  1.00e+00 1.85e-01h  1
  14  8.0748477e-01 1.81e-03 2.30e+00  -2.1 8.19e-01    -  1.00e+00 2.66e-01f  1
  15  7.2422513e-01 2.85e-03 3.03e-01  -2.7 5.43e-01    -  9.97e-01 1.00e+00h  1
  16  7.4548633e-01 7.43e-03 4.62e+00  -2.2 2.06e+00    -  1.00e+00 3.37e-01h  1
  17  6.5112955e-01 1.63e-03 6.21e-01  -2.3 3.23e-01    -  1.00e+00 1.00e+00h  1
  18  5.4354550e-01 1.93e-03 6.38e-01  -2.5 3.32e-01    -  9.96e-01 1.00e+00h  1
  19  4.9276110e-01 2.00e-03 1.47e+00  -2.5 5.60e-01    -  1.00e+00 6.28e-01h  1
iter    objective    inf_pr   inf_du lg(mu)  ||d||  lg(rg) alpha_du alpha_pr  ls
  20  4.4361093e-01 1.19e-03 1.15e+00  -3.0 2.67e-01    -  1.00e+00 8.52e-01h  1
  21  3.9824581e-01 6.52e-04 9.04e-02  -3.5 2.58e-01    -  1.00e+00 7.89e-01h  1
  22  3.6657619e-01 1.90e-04 1.24e-01  -4.0 1.09e-01    -  1.00e+00 9.37e-01h  1
  23  3.5930450e-01 5.96e-05 8.29e-02  -4.0 8.21e-02    -  1.00e+00 9.08e-01h  1
  24  3.5745148e-01 1.28e-05 2.89e-02  -4.0 4.42e-02    -  1.00e+00 1.00e+00h  1
  25  3.5840200e-01 9.60e-04 2.77e-02  -4.0 4.58e-01    -  1.00e+00 1.00e+00h  1
  26  3.5239651e-01 4.33e-04 5.75e-03  -4.1 1.90e-01    -  1.00e+00 1.00e+00h  1
  27  3.5428723e-01 2.11e-04 1.05e-02  -4.0 1.32e-01    -  1.00e+00 1.00e+00h  1
  28  3.5487494e-01 1.34e-04 7.35e-03  -4.0 1.02e-01    -  1.00e+00 1.00e+00h  1
  29  3.5541344e-01 7.14e-05 7.18e-03  -4.0 7.33e-02    -  1.00e+00 1.00e+00h  1
iter    objective    inf_pr   inf_du lg(mu)  ||d||  lg(rg) alpha_du alpha_pr  ls
  30  3.5599101e-01 2.03e-05 9.29e-03  -4.0 4.40e-02    -  1.00e+00 1.00e+00h  1
  31  3.5632689e-01 1.45e-05 7.57e-03  -4.0 3.54e-02    -  1.00e+00 1.00e+00h  1
  32  3.5651707e-01 5.47e-06 5.73e-03  -4.0 1.99e-02    -  1.00e+00 1.00e+00h  1
  33  3.5663784e-01 1.56e-06 3.37e-03  -4.0 1.47e-02    -  1.00e+00 1.00e+00h  1
  34  3.5667690e-01 2.80e-07 1.44e-03  -4.0 3.68e-03    -  1.00e+00 1.00e+00h  1
  35  3.5668199e-01 1.79e-07 5.29e-04  -4.0 2.94e-03    -  1.00e+00 1.00e+00h  1
  36  3.5668790e-01 1.56e-06 2.17e-03  -4.0 9.43e-03    -  1.00e+00 1.00e+00h  1
  37  3.5515437e-01 3.59e-07 1.61e-03  -4.1 3.92e-03    -  1.00e+00 1.00e+00h  1
  38  3.5667829e-01 3.60e-07 1.41e-03  -4.0 3.92e-03    -  1.00e+00 1.00e+00h  1
  39  3.5520951e-01 3.36e-07 8.72e-04  -4.1 3.77e-03    -  1.00e+00 1.00e+00h  1
iter    objective    inf_pr   inf_du lg(mu)  ||d||  lg(rg) alpha_du alpha_pr  ls
  40  3.5668951e-01 3.41e-07 9.90e-04  -4.0 3.80e-03    -  1.00e+00 1.00e+00h  1
  41  3.5521050e-01 3.41e-07 6.95e-04  -4.1 3.81e-03    -  1.00e+00 1.00e+00h  1
  42  3.5669001e-01 3.41e-07 7.93e-04  -4.0 3.98e-03    -  1.00e+00 1.00e+00h  1
  43  3.5520903e-01 3.44e-07 2.93e-04  -4.1 3.93e-03    -  1.00e+00 1.00e+00h  1
  44  3.5669487e-01 5.35e-07 1.47e-03  -4.0 4.67e-03    -  1.00e+00 1.00e+00h  1
  45  3.5520345e-01 4.69e-07 1.95e-04  -4.1 4.57e-03    -  1.00e+00 1.00e+00h  1
  46  3.4928313e-01 5.69e-06 1.95e-02  -6.1 1.68e-02    -  9.57e-01 1.00e+00h  1
  47  3.5680129e-01 9.76e-06 2.83e-04  -4.0 2.09e-02    -  1.00e+00 1.00e+00f  1
  48  3.5522924e-01 5.41e-07 3.61e-04  -4.1 4.37e-03    -  1.00e+00 1.00e+00h  1
  49  3.4934193e-01 5.64e-06 2.17e-02  -6.1 1.58e-02    -  9.57e-01 1.00e+00h  1
iter    objective    inf_pr   inf_du lg(mu)  ||d||  lg(rg) alpha_du alpha_pr  ls
  50  3.5688830e-01 9.70e-06 3.59e-04  -4.0 2.01e-02    -  1.00e+00 1.00e+00f  1
  51  3.5523823e-01 5.54e-07 2.95e-04  -4.1 4.22e-03    -  1.00e+00 1.00e+00h  1
  52  3.4933340e-01 5.73e-06 2.99e-02  -6.1 1.67e-02    -  9.56e-01 1.00e+00h  1
  53  3.4914944e-01 2.22e-06 4.10e-03  -6.1 8.39e-03    -  1.00e+00 1.00e+00h  1
  54  3.5680564e-01 1.42e-05 2.05e-03  -4.0 2.14e-02    -  1.00e+00 1.00e+00f  1
  55  3.5523074e-01 7.36e-07 1.25e-03  -4.1 4.62e-03    -  1.00e+00 1.00e+00h  1
  56  3.5522558e-01 1.31e-08 1.74e-04  -4.1 1.35e-03    -  1.00e+00 1.00e+00h  1
  57  3.5669427e-01 3.46e-07 9.27e-04  -4.0 3.79e-03    -  1.00e+00 1.00e+00h  1
  58  3.5520910e-01 3.48e-07 1.24e-04  -4.1 3.82e-03    -  1.00e+00 1.00e+00h  1
  59  3.5669036e-01 3.42e-07 6.96e-05  -4.0 3.82e-03    -  1.00e+00 1.00e+00h  1
iter    objective    inf_pr   inf_du lg(mu)  ||d||  lg(rg) alpha_du alpha_pr  ls
  60  3.5521017e-01 3.41e-07 4.81e-05  -4.1 3.81e-03    -  1.00e+00 1.00e+00h  1
  61  3.5669033e-01 3.41e-07 1.60e-05  -4.0 3.80e-03    -  1.00e+00 1.00e+00h  1
  62  3.5521014e-01 3.41e-07 3.75e-05  -4.1 3.81e-03    -  1.00e+00 1.00e+00h  1
  63  3.5669034e-01 3.41e-07 2.72e-05  -4.0 3.80e-03    -  1.00e+00 1.00e+00h  1
  64  3.5521012e-01 3.41e-07 1.22e-04  -4.1 3.88e-03    -  1.00e+00 1.00e+00h  1
  65  3.5669067e-01 3.41e-07 1.18e-04  -4.0 3.80e-03    -  1.00e+00 1.00e+00h  1
  66  3.5520974e-01 3.42e-07 6.27e-04  -4.1 4.22e-03    -  1.00e+00 1.00e+00h  1
  67  3.4924626e-01 8.43e-06 1.96e-02  -6.1 1.93e-02    -  9.56e-01 1.00e+00h  1
  68  3.4913359e-01 1.70e-06 1.55e-03  -6.1 7.67e-03    -  1.00e+00 1.00e+00h  1
  69  3.5689166e-01 1.02e-05 2.32e-03  -4.0 1.94e-02    -  1.00e+00 1.00e+00f  1
iter    objective    inf_pr   inf_du lg(mu)  ||d||  lg(rg) alpha_du alpha_pr  ls
  70  3.5524272e-01 5.66e-07 6.73e-04  -4.1 4.37e-03    -  1.00e+00 1.00e+00h  1
  71  3.4934248e-01 5.62e-06 2.56e-02  -6.1 1.55e-02    -  9.57e-01 1.00e+00h  1
  72  3.4920200e-01 1.25e-08 2.68e-04  -6.1 1.16e-03    -  1.00e+00 1.00e+00h  1
  73  3.5690758e-01 1.06e-05 1.14e-03  -4.0 1.99e-02    -  1.00e+00 1.00e+00f  1
  74  3.5524243e-01 5.88e-07 1.08e-04  -4.1 4.26e-03    -  1.00e+00 1.00e+00h  1
  75  3.4933619e-01 5.65e-06 3.15e-02  -6.1 1.67e-02    -  9.57e-01 1.00e+00h  1
  76  3.4914998e-01 2.35e-06 4.31e-03  -6.1 1.00e-02    -  1.00e+00 1.00e+00h  1
  77  3.4916801e-01 8.73e-07 4.61e-04  -6.1 6.14e-03    -  1.00e+00 1.00e+00h  1
  78  3.5690789e-01 1.04e-05 1.61e-03  -4.0 1.97e-02    -  1.00e+00 1.00e+00f  1
  79  3.5524121e-01 6.20e-07 2.00e-04  -4.1 4.46e-03    -  1.00e+00 1.00e+00h  1
iter    objective    inf_pr   inf_du lg(mu)  ||d||  lg(rg) alpha_du alpha_pr  ls
  80  3.4933861e-01 5.67e-06 2.86e-02  -6.1 1.56e-02    -  9.56e-01 1.00e+00h  1
  81  3.4918813e-01 5.62e-07 1.84e-03  -6.1 7.84e-03    -  1.00e+00 1.00e+00h  1
  82  3.5688473e-01 1.06e-05 1.04e-03  -4.0 1.98e-02    -  1.00e+00 1.00e+00f  1
  83  3.5523974e-01 7.35e-07 2.31e-04  -4.1 4.75e-03    -  1.00e+00 1.00e+00h  1
  84  3.4934396e-01 5.65e-06 2.57e-02  -6.1 1.54e-02    -  9.57e-01 1.00e+00h  1
  85  3.4919613e-01 5.40e-07 2.19e-03  -6.1 4.61e-03    -  1.00e+00 1.00e+00h  1
  86  3.5688416e-01 1.06e-05 3.95e-04  -4.0 2.13e-02    -  1.00e+00 1.00e+00f  1
  87  3.5524042e-01 7.79e-07 3.34e-04  -4.1 4.95e-03    -  1.00e+00 1.00e+00h  1
  88  3.4934295e-01 5.67e-06 2.22e-02  -6.1 1.53e-02    -  9.56e-01 1.00e+00h  1
  89  3.4919791e-01 2.13e-07 1.05e-03  -6.1 4.84e-03    -  1.00e+00 1.00e+00h  1
iter    objective    inf_pr   inf_du lg(mu)  ||d||  lg(rg) alpha_du alpha_pr  ls
  90  3.5689839e-01 1.06e-05 3.35e-04  -4.0 2.00e-02    -  1.00e+00 1.00e+00f  1
  91  3.5524101e-01 9.80e-07 8.84e-05  -4.1 6.36e-03    -  1.00e+00 1.00e+00h  1
  92  3.4934578e-01 5.62e-06 3.35e-02  -6.1 1.57e-02    -  9.49e-01 1.00e+00h  1
  93  3.4918829e-01 9.92e-07 3.07e-03  -6.1 6.10e-03    -  1.00e+00 1.00e+00h  1
  94  3.4918278e-01 4.78e-07 4.90e-04  -6.1 4.41e-03    -  1.00e+00 1.00e+00h  1
  95  3.5690873e-01 1.04e-05 1.09e-03  -4.0 1.98e-02    -  1.00e+00 1.00e+00f  1
  96  3.5524241e-01 8.29e-07 1.01e-04  -4.1 5.45e-03    -  1.00e+00 1.00e+00h  1
  97  3.4934325e-01 5.64e-06 3.49e-02  -6.1 1.55e-02    -  9.53e-01 1.00e+00h  1
  98  3.4919063e-01 5.53e-07 1.82e-03  -6.1 7.55e-03    -  1.00e+00 1.00e+00h  1
  99  3.4919535e-01 2.04e-07 1.55e-04  -6.1 4.64e-03    -  1.00e+00 1.00e+00h  1
iter    objective    inf_pr   inf_du lg(mu)  ||d||  lg(rg) alpha_du alpha_pr  ls
 100  3.5690845e-01 1.05e-05 7.82e-04  -4.0 1.98e-02    -  1.00e+00 1.00e+00f  1
 101  3.5524150e-01 1.01e-06 1.14e-04  -4.1 6.65e-03    -  1.00e+00 1.00e+00h  1
 102  3.4934062e-01 5.67e-06 4.23e-02  -6.1 1.69e-02    -  9.43e-01 1.00e+00h  1
 103  3.4913260e-01 2.83e-06 4.76e-03  -6.1 1.09e-02    -  9.99e-01 1.00e+00h  1
 104  3.5677676e-01 1.58e-05 1.94e-03  -4.0 2.20e-02    -  1.00e+00 1.00e+00f  1
 105  3.5522563e-01 1.28e-06 1.65e-03  -4.1 7.68e-03    -  1.00e+00 1.00e+00h  1
 106  3.5522321e-01 5.14e-09 8.56e-05  -4.1 3.02e-03    -  1.00e+00 1.00e+00h  1
 107  3.5670198e-01 3.43e-07 1.35e-03  -4.0 3.79e-03    -  1.00e+00 1.00e+00h  1
 108  3.5520678e-01 3.45e-07 1.09e-04  -4.1 3.87e-03    -  1.00e+00 1.00e+00h  1
 109  3.4934024e-01 5.56e-06 2.96e-02  -6.1 1.53e-02    -  9.57e-01 1.00e+00h  1
iter    objective    inf_pr   inf_du lg(mu)  ||d||  lg(rg) alpha_du alpha_pr  ls
 110  3.4920170e-01 3.04e-08 2.50e-04  -6.1 2.71e-03    -  1.00e+00 1.00e+00h  1
 111  3.5691457e-01 5.38e-05 2.53e-03  -4.0 7.51e-02    -  1.00e+00 1.00e+00f  1
 112  3.5521371e-01 8.59e-06 1.28e-03  -4.1 5.82e-02    -  1.00e+00 1.00e+00h  1
 113  3.5520948e-01 8.66e-08 6.38e-04  -4.1 1.17e-02    -  1.00e+00 1.00e+00h  1
 114  3.4935055e-01 5.57e-06 5.41e-02  -6.1 1.57e-02    -  9.35e-01 1.00e+00f  1
 115  3.4919899e-01 9.39e-08 7.43e-04  -6.1 9.20e-03    -  1.00e+00 1.00e+00h  1
 116  3.5444388e-01 5.59e-05 3.02e-01  -4.0 1.68e-01    -  1.00e+00 6.81e-01f  1
 117  3.5494680e-01 4.27e-06 1.52e-03  -4.1 8.70e-02    -  1.00e+00 1.00e+00f  1
 118  3.5496951e-01 5.16e-07 2.09e-03  -4.1 1.21e-02    -  1.00e+00 1.00e+00h  1
 119  3.5495895e-01 1.18e-07 4.96e-04  -4.1 3.59e-03    -  1.00e+00 1.00e+00h  1
iter    objective    inf_pr   inf_du lg(mu)  ||d||  lg(rg) alpha_du alpha_pr  ls
 120  3.4932834e-01 5.19e-06 2.51e-02  -6.2 1.48e-02    -  9.59e-01 1.00e+00f  1
 121  3.4919817e-01 8.10e-08 6.69e-05  -6.2 7.45e-03    -  1.00e+00 1.00e+00h  1
 122  3.5011143e-01 9.25e-06 4.53e-01  -4.0 9.11e-01    -  1.00e+00 1.19e-01f  1
 123  3.5447107e-01 2.99e-05 3.38e-03  -4.2 7.31e-02    -  1.00e+00 1.00e+00f  1
 124  3.5446573e-01 2.96e-07 1.79e-03  -4.2 2.87e-02    -  1.00e+00 1.00e+00h  1
 125  3.5446920e-01 8.43e-09 1.84e-04  -4.2 1.05e-03    -  1.00e+00 1.00e+00h  1
 126  3.5670109e-01 7.95e-07 3.33e-04  -4.0 5.78e-03    -  1.00e+00 1.00e+00h  1
 127  3.5521120e-01 3.49e-07 9.32e-05  -4.1 3.85e-03    -  1.00e+00 1.00e+00h  1
 128  3.4934234e-01 5.56e-06 2.64e-02  -6.1 1.52e-02    -  9.57e-01 1.00e+00h  1
 129  3.4920185e-01 2.65e-08 1.33e-04  -6.1 2.23e-03    -  1.00e+00 1.00e+00h  1
iter    objective    inf_pr   inf_du lg(mu)  ||d||  lg(rg) alpha_du alpha_pr  ls
 130  3.4920167e-01 5.35e-09 1.05e-04  -6.1 4.25e-03    -  1.00e+00 1.00e+00h  1
 131  3.5027343e-01 1.87e-05 1.13e+00  -4.0 7.92e-01    -  1.00e+00 1.35e-01f  1
 132  3.5446921e-01 2.90e-05 3.69e-03  -4.2 7.14e-02    -  1.00e+00 1.00e+00f  1
 133  3.5448316e-01 9.96e-07 4.75e-03  -4.2 3.13e-02    -  1.00e+00 1.00e+00h  1
 134  3.5447195e-01 1.68e-07 1.98e-03  -4.2 2.91e-03    -  1.00e+00 1.00e+00h  1
 135  3.5448279e-01 4.53e-08 5.56e-04  -4.2 1.33e-03    -  1.00e+00 1.00e+00h  1
 136  3.4933837e-01 4.68e-06 1.27e-02  -6.2 1.38e-02    -  9.59e-01 1.00e+00f  1
 137  3.4918793e-01 1.03e-07 4.72e-04  -6.2 5.88e-03    -  1.00e+00 1.00e+00h  1
 138  3.5085668e-01 9.45e-05 3.16e-02  -4.0 5.26e-01    -  1.00e+00 1.92e-01f  1
 139  3.5463701e-01 2.79e-05 1.08e-02  -4.1 7.06e-02    -  1.00e+00 1.00e+00f  1
iter    objective    inf_pr   inf_du lg(mu)  ||d||  lg(rg) alpha_du alpha_pr  ls
 140  3.5450346e-01 1.91e-06 8.77e-03  -4.1 2.85e-02    -  1.00e+00 1.00e+00h  1
 141  3.5450551e-01 2.43e-06 3.29e-03  -4.1 1.40e-02    -  1.00e+00 1.00e+00h  1
 142  3.5452748e-01 1.26e-07 1.51e-03  -4.1 2.52e-03    -  1.00e+00 1.00e+00h  1
 143  3.5453817e-01 3.81e-07 1.12e-03  -4.1 4.48e-03    -  1.00e+00 1.00e+00h  1
 144  3.5453199e-01 5.11e-08 2.07e-03  -4.1 1.77e-03    -  1.00e+00 1.00e+00h  1
 145  3.5453726e-01 1.59e-08 8.31e-04  -4.1 8.72e-04    -  1.00e+00 1.00e+00h  1
 146  3.5453835e-01 1.71e-08 5.49e-04  -4.1 9.34e-04    -  1.00e+00 1.00e+00h  1
 147  3.4919309e-01 4.63e-06 6.07e-03  -6.2 1.39e-02    -  9.61e-01 1.00e+00f  1
 148  3.4919894e-01 2.90e-06 1.67e-03  -6.2 1.22e-02    -  1.00e+00 1.00e+00h  1
 149  3.4915514e-01 1.29e-06 7.93e-03  -6.2 4.62e-02    -  1.00e+00 1.00e+00H  1
iter    objective    inf_pr   inf_du lg(mu)  ||d||  lg(rg) alpha_du alpha_pr  ls
 150  3.5280643e-01 9.04e-04 3.39e+00  -4.0 1.31e+00    -  1.00e+00 1.65e-01f  1
 151  3.5283992e-01 7.05e-04 1.54e+01  -4.1 3.37e-02    -  1.00e+00 2.20e-01h  1
 152  3.5261312e-01 5.13e-06 3.86e-03  -4.1 2.06e-02    -  1.00e+00 1.00e+00f  1
 153  3.5470822e-01 4.37e-05 6.04e-03  -4.1 7.33e-02    -  1.00e+00 1.00e+00h  1
 154  3.5472148e-01 4.63e-05 9.46e-03  -4.1 6.24e-02    -  1.00e+00 1.00e+00h  1
 155  3.5465652e-01 4.68e-06 9.80e-03  -4.1 1.23e-02    -  1.00e+00 1.00e+00h  1
 156  3.5470342e-01 5.55e-06 5.34e-03  -4.1 1.98e-02    -  1.00e+00 1.00e+00h  1
 157  3.5471891e-01 4.08e-06 5.54e-03  -4.1 1.61e-02    -  1.00e+00 1.00e+00h  1
 158  3.5469650e-01 2.46e-06 3.57e-03  -4.1 1.19e-02    -  1.00e+00 1.00e+00h  1
 159  3.5469272e-01 1.23e-07 2.17e-03  -4.1 2.37e-03    -  1.00e+00 1.00e+00h  1
iter    objective    inf_pr   inf_du lg(mu)  ||d||  lg(rg) alpha_du alpha_pr  ls
 160  3.5469005e-01 7.31e-08 9.31e-04  -4.1 1.80e-03    -  1.00e+00 1.00e+00h  1
 161  3.5469074e-01 7.53e-09 4.27e-04  -4.1 6.20e-04    -  1.00e+00 1.00e+00h  1
 162  3.4922137e-01 4.82e-06 5.90e-03  -6.2 1.42e-02    -  9.60e-01 1.00e+00f  1
 163  3.4919668e-01 3.93e-07 8.97e-04  -6.2 4.55e-03    -  1.00e+00 1.00e+00h  1
 164  3.4916085e-01 3.44e-06 9.68e-03  -6.2 4.67e-02    -  1.00e+00 1.00e+00H  1
 165  3.4915626e-01 4.46e-07 6.32e-01  -6.2 3.00e-01    -  6.87e-01 4.20e-02h  4
 166  3.5661344e-01 1.03e-05 4.48e-02  -4.0 1.95e-02    -  1.00e+00 1.00e+00f  1
 167  3.5714276e-01 2.74e-06 3.41e-03  -3.9 1.08e-02    -  1.00e+00 1.00e+00h  1
 168  3.5941708e-01 3.64e-06 7.38e-03  -3.9 1.25e-02    -  1.00e+00 1.00e+00h  1
 169  3.5970325e-01 3.52e-06 5.10e-03  -3.9 1.46e-02    -  1.00e+00 1.00e+00h  1
iter    objective    inf_pr   inf_du lg(mu)  ||d||  lg(rg) alpha_du alpha_pr  ls
 170  3.5954836e-01 1.35e-05 2.41e-03  -3.9 2.92e-02    -  1.00e+00 1.00e+00h  1
 171  3.5955911e-01 5.83e-08 1.77e-03  -3.9 1.64e-03    -  1.00e+00 1.00e+00h  1
 172  3.5956304e-01 1.51e-08 6.09e-04  -3.9 1.12e-03    -  1.00e+00 1.00e+00h  1
 173  3.4993338e-01 1.47e-05 8.16e-02  -5.8 2.62e-02    -  9.31e-01 1.00e+00f  1
 174  3.4929005e-01 1.76e-05 4.88e-03  -5.8 3.03e-02    -  1.00e+00 9.49e-01h  1
 175  3.4919510e-01 5.25e-07 1.41e-02  -5.8 4.75e-02    -  1.00e+00 1.00e+00H  1
 176  3.4917685e-01 9.86e-06 5.80e-01  -5.8 1.64e-01    -  1.00e+00 1.38e-01h  3
 177  3.4894470e-01 2.93e-05 9.36e-02  -5.8 1.07e-01    -  1.00e+00 7.82e-01H  1
 178  3.4903285e-01 2.89e-05 3.93e+01  -4.0 5.77e-01    -  1.00e+00 1.25e-02f  1
 179  3.5487253e-01 1.15e-04 8.73e-02  -3.0 3.37e-01    -  1.00e+00 4.41e-01f  1
iter    objective    inf_pr   inf_du lg(mu)  ||d||  lg(rg) alpha_du alpha_pr  ls
 180  3.7331181e-01 2.31e-04 1.09e-01  -3.2 2.80e-01    -  4.31e-01 4.70e-01f  1
 181  3.8435191e-01 2.38e-04 6.64e-01  -3.2 2.33e-01    -  1.00e+00 6.87e-01f  1
 182  3.8982207e-01 2.82e-05 1.71e-02  -3.2 1.44e-01    -  1.00e+00 1.00e+00f  1
 183  3.8983315e-01 1.11e-05 7.63e-03  -3.2 6.35e-02    -  1.00e+00 1.00e+00h  1
 184  3.8998174e-01 6.91e-07 2.41e-03  -3.2 1.62e-02    -  1.00e+00 1.00e+00h  1
 185  3.5861298e-01 1.91e-04 1.18e+00  -4.8 8.04e-02    -  8.39e-01 1.00e+00f  1
 186  3.4975209e-01 1.98e-05 1.14e-02  -4.8 2.67e-02    -  1.00e+00 1.00e+00h  1
 187  3.5018889e-01 1.11e-06 1.66e-03  -4.8 1.15e-02    -  1.00e+00 1.00e+00h  1
 188  3.5021003e-01 1.79e-07 4.69e-04  -4.8 3.19e-03    -  1.00e+00 1.00e+00h  1
 189  3.5021279e-01 9.77e-09 1.61e-04  -4.8 6.79e-04    -  1.00e+00 1.00e+00h  1
iter    objective    inf_pr   inf_du lg(mu)  ||d||  lg(rg) alpha_du alpha_pr  ls
 190  3.5021064e-01 2.96e-08 2.94e-04  -4.8 1.49e-03    -  1.00e+00 1.00e+00h  1
 191  3.5020310e-01 9.47e-10 1.43e-03  -4.8 5.06e-03    -  1.00e+00 1.00e+00H  1
 192  3.5832419e-01 5.10e-04 4.90e-02  -4.0 1.66e-01    -  1.00e+00 1.00e+00f  1
 193  3.5583029e-01 1.84e-04 1.32e-02  -4.1 1.01e-01    -  1.00e+00 1.00e+00h  1
 194  3.5513859e-01 6.49e-06 4.72e-03  -4.1 1.68e-02    -  1.00e+00 1.00e+00h  1
 195  3.5520525e-01 1.57e-06 2.88e-03  -4.1 1.07e-02    -  1.00e+00 1.00e+00h  1
 196  3.5527709e-01 7.75e-08 2.82e-03  -4.1 3.34e-03    -  1.00e+00 1.00e+00h  1
 197  3.5528139e-01 3.75e-09 1.40e-03  -4.1 7.95e-04    -  1.00e+00 1.00e+00h  1
 198  3.5527934e-01 2.92e-08 8.00e-04  -4.1 1.32e-03    -  1.00e+00 1.00e+00h  1
 199  3.4925370e-01 5.82e-06 3.66e-02  -6.1 1.56e-02    -  9.56e-01 1.00e+00f  1
iter    objective    inf_pr   inf_du lg(mu)  ||d||  lg(rg) alpha_du alpha_pr  ls
 200  3.4920283e-01 1.44e-07 8.60e-04  -6.1 2.78e-03    -  1.00e+00 9.97e-01h  1
 201  3.4919868e-01 2.30e-08 2.83e-03  -6.1 1.33e-02    -  1.00e+00 1.00e+00H  1
 202  3.4918678e-01 3.34e-08 5.50e-03  -6.1 1.91e-02    -  1.00e+00 1.00e+00H  1
 203  3.5223841e-01 3.61e-04 4.02e-01  -4.0 4.81e-01    -  1.00e+00 2.75e-01f  1
 204  3.5240861e-01 2.76e-04 2.00e+01  -4.1 4.41e-02    -  1.00e+00 2.36e-01h  1
 205  3.5319200e-01 7.72e-06 8.88e-03  -4.1 3.64e-02    -  1.00e+00 1.00e+00f  1
 206  3.5458437e-01 1.87e-05 6.66e-03  -4.1 8.83e-02    -  1.00e+00 1.00e+00h  1
 207  3.5467952e-01 3.30e-06 4.91e-03  -4.1 1.70e-02    -  1.00e+00 1.00e+00h  1
 208  3.5472004e-01 9.30e-06 5.87e-03  -4.1 2.39e-02    -  1.00e+00 1.00e+00h  1
 209  3.5470740e-01 5.17e-06 7.77e-03  -4.1 1.75e-02    -  1.00e+00 1.00e+00h  1
iter    objective    inf_pr   inf_du lg(mu)  ||d||  lg(rg) alpha_du alpha_pr  ls
 210  3.5469710e-01 1.76e-07 6.00e-03  -4.1 3.08e-03    -  1.00e+00 1.00e+00h  1
 211  3.5468679e-01 1.64e-06 1.26e-03  -4.1 8.64e-03    -  1.00e+00 1.00e+00h  1
 212  3.5469094e-01 1.35e-08 4.86e-04  -4.1 8.38e-04    -  1.00e+00 1.00e+00h  1
 213  3.4922380e-01 4.84e-06 1.17e-02  -6.2 1.45e-02    -  9.60e-01 1.00e+00f  1
 214  3.4919570e-01 8.89e-07 1.92e-03  -6.2 7.29e-03    -  1.00e+00 1.00e+00h  1
 215  3.4905664e-01 2.55e-05 2.08e-02  -6.2 8.17e-02    -  1.00e+00 1.00e+00H  1
 216  3.4908289e-01 5.08e-06 1.18e+00  -6.0 2.49e-01    -  1.00e+00 1.56e-01h  2
 217  3.5434189e-01 1.40e-03 3.31e+00  -4.0 2.12e+00    -  4.19e-01 1.33e-01f  1
 218  3.5425991e-01 1.35e-03 1.28e+01  -4.5 1.31e-02    -  1.00e+00 3.00e-02h  1
 219  3.5241552e-01 1.97e-05 1.27e-02  -4.5 2.88e-02    -  1.00e+00 1.00e+00f  1
iter    objective    inf_pr   inf_du lg(mu)  ||d||  lg(rg) alpha_du alpha_pr  ls
 220  3.5114673e-01 1.02e-05 4.31e-03  -4.5 2.67e-02    -  1.00e+00 1.00e+00h  1
 221  3.5134018e-01 1.41e-06 6.35e-03  -4.5 1.02e-02    -  1.00e+00 1.00e+00h  1
 222  3.5142367e-01 3.12e-06 2.58e-03  -4.5 1.34e-02    -  1.00e+00 1.00e+00h  1
 223  3.5140237e-01 6.18e-06 1.75e+00  -4.5 1.71e-01    -  1.00e+00 1.25e-01h  4
 224  3.5155778e-01 1.69e-06 9.96e-03  -4.5 4.50e-02    -  1.00e+00 1.00e+00H  1
 225  3.5158331e-01 1.41e-06 1.13e-02  -4.5 1.17e-02    -  1.00e+00 1.00e+00h  1
 226  3.5158277e-01 3.86e-07 1.09e-02  -4.5 4.78e-03    -  1.00e+00 1.00e+00h  1
 227  3.5158352e-01 2.38e-07 1.00e-02  -4.5 3.54e-03    -  1.00e+00 1.00e+00h  1
 228  3.5158005e-01 7.04e-10 1.63e-04  -4.5 1.63e-04    -  1.00e+00 1.00e+00h  1
 229  3.5644065e-01 6.67e-06 4.26e-03  -4.0 1.47e-02    -  1.00e+00 1.00e+00f  1
iter    objective    inf_pr   inf_du lg(mu)  ||d||  lg(rg) alpha_du alpha_pr  ls
 230  3.5540918e-01 6.85e-07 2.23e-03  -4.1 5.54e-03    -  1.00e+00 1.00e+00h  1
 231  3.5523623e-01 4.40e-06 4.88e-03  -4.1 1.66e-02    -  1.00e+00 1.00e+00h  1
 232  3.5528287e-01 1.83e-05 7.11e-03  -4.1 3.61e-02    -  1.00e+00 1.00e+00h  1
 233  3.5522053e-01 2.56e-06 5.17e-03  -4.1 1.65e-02    -  1.00e+00 1.00e+00h  1
 234  3.5527747e-01 4.35e-08 5.03e-03  -4.1 2.89e-03    -  1.00e+00 1.00e+00h  1
 235  3.5528021e-01 2.43e-09 4.95e-03  -4.1 3.42e-04    -  1.00e+00 1.00e+00h  1
 236  3.5527967e-01 2.29e-07 1.89e-03  -4.1 2.92e-03    -  1.00e+00 1.00e+00h  1
 237  3.5528273e-01 5.83e-08 4.76e-04  -4.1 1.74e-03    -  1.00e+00 1.00e+00h  1
 238  3.4916783e-01 5.95e-06 6.26e-03  -6.1 1.60e-02    -  9.56e-01 1.00e+00f  1
 239  3.4920744e-01 2.27e-06 1.01e-03  -6.1 1.09e-02    -  1.00e+00 1.00e+00h  1
iter    objective    inf_pr   inf_du lg(mu)  ||d||  lg(rg) alpha_du alpha_pr  ls
 240  3.4909633e-01 2.99e-05 2.33e-02  -6.1 1.13e-01    -  1.00e+00 1.00e+00H  1
 241  3.4917328e-01 1.90e-06 2.33e-02  -6.1 2.84e-02    -  1.00e+00 1.00e+00h  1
 242  3.4915362e-01 9.79e-06 4.10e-01  -6.1 1.17e-01    -  1.00e+00 3.35e-01H  1
 243  3.4908205e-01 7.21e-06 2.90e-02  -6.1 3.35e-02    -  1.00e+00 1.00e+00h  1
 244  3.5246098e-01 9.75e-04 3.11e+00  -4.0 3.15e+00    -  1.88e-01 7.34e-02f  1
 245  3.5243310e-01 9.63e-04 1.04e+01  -4.8 8.41e-03    -  1.00e+00 1.19e-02h  1
 246  3.5072372e-01 6.49e-06 3.63e-02  -4.8 1.74e-02    -  9.96e-01 1.00e+00f  1
 247  3.5015912e-01 1.69e-05 6.31e-03  -4.8 1.46e-01    -  1.00e+00 1.00e+00h  1
 248  3.5024306e-01 6.34e-07 2.02e-03  -4.8 1.86e-02    -  1.00e+00 1.00e+00h  1
 249  3.5024714e-01 9.22e-07 1.94e-03  -4.8 3.06e-02    -  1.00e+00 1.00e+00h  1
iter    objective    inf_pr   inf_du lg(mu)  ||d||  lg(rg) alpha_du alpha_pr  ls
 250  3.5023994e-01 3.16e-07 1.57e-03  -4.8 4.24e-02    -  1.00e+00 1.00e+00h  1
 251  3.5023346e-01 2.95e-07 7.31e-04  -4.8 3.68e-03    -  1.00e+00 1.00e+00h  1
 252  3.5022899e-01 8.24e-08 7.51e-04  -4.8 2.10e-03    -  1.00e+00 1.00e+00h  1
 253  3.5022676e-01 1.77e-08 7.06e-04  -4.8 1.02e-03    -  1.00e+00 1.00e+00h  1
 254  3.5022484e-01 1.52e-08 6.59e-04  -4.8 9.37e-04    -  1.00e+00 1.00e+00h  1
 255  3.5022483e-01 2.67e-12 9.84e-06  -4.8 9.84e-06    -  1.00e+00 1.00e+00h  1
 256  3.5657478e-01 7.00e-06 5.98e-03  -4.0 1.67e-02    -  1.00e+00 1.00e+00f  1
 257  3.5553074e-01 2.21e-06 3.87e-03  -4.1 1.13e-02    -  1.00e+00 1.00e+00h  1
 258  3.5529494e-01 1.94e-05 1.43e-02  -4.1 3.44e-02    -  1.00e+00 1.00e+00h  1
 259  3.5532430e-01 4.81e-06 6.07e-03  -4.1 1.56e-02    -  1.00e+00 1.00e+00h  1
iter    objective    inf_pr   inf_du lg(mu)  ||d||  lg(rg) alpha_du alpha_pr  ls
 260  3.5532575e-01 2.84e-06 5.21e-03  -4.1 1.32e-02    -  1.00e+00 1.00e+00h  1
 261  3.5534449e-01 6.73e-08 2.49e-03  -4.1 2.70e-03    -  1.00e+00 1.00e+00h  1
 262  3.5534799e-01 1.37e-08 1.68e-03  -4.1 9.11e-04    -  1.00e+00 1.00e+00h  1
 263  3.5534904e-01 5.17e-08 9.69e-04  -4.1 1.91e-03    -  1.00e+00 1.00e+00h  1
 264  3.5534882e-01 1.69e-08 4.73e-04  -4.1 1.03e-03    -  1.00e+00 1.00e+00h  1
 265  3.4919511e-01 6.02e-06 5.61e-03  -6.1 1.59e-02    -  9.55e-01 1.00e+00f  1
 266  3.4920528e-01 1.93e-07 5.29e-04  -6.1 3.44e-03    -  1.00e+00 1.00e+00h  1
 267  3.4918808e-01 1.08e-06 1.30e-02  -6.1 5.40e-02    -  1.00e+00 1.00e+00H  1
 268  3.4918696e-01 1.08e-06 1.82e-01  -6.1 2.53e-01    -  9.73e-01 2.73e-02h  5
 269  3.4907337e-01 1.30e-05 4.14e-02  -6.1 1.33e-01    -  1.00e+00 9.50e-01H  1
iter    objective    inf_pr   inf_du lg(mu)  ||d||  lg(rg) alpha_du alpha_pr  ls
 270  3.4908936e-01 1.30e-05 4.68e+00  -4.0 1.81e+00    -  8.73e-02 2.19e-03f  1
 271  3.4739003e-01 1.95e-04 3.49e+00  -5.1 6.59e-01    -  2.59e-01 2.46e-01h  1
 272  3.5047800e-01 9.90e-05 4.25e-01  -4.2 2.68e-01    -  1.00e+00 7.39e-01f  1
 273  3.5245485e-01 3.93e-05 7.18e-03  -4.3 1.10e-01    -  8.55e-01 1.00e+00h  1
 274  3.5284905e-01 2.85e-05 6.10e-03  -4.3 3.26e-02    -  1.00e+00 1.00e+00h  1
 275  3.5313366e-01 1.60e-06 6.74e-03  -4.3 1.75e-02    -  1.00e+00 1.00e+00h  1
 276  3.5323649e-01 3.99e-06 2.98e-03  -4.3 1.58e-02    -  1.00e+00 1.00e+00h  1
 277  3.5326931e-01 5.67e-07 6.04e-03  -4.3 3.06e-02    -  1.00e+00 1.00e+00H  1
 278  3.5329403e-01 5.84e-07 9.02e-03  -4.3 2.55e-02    -  1.00e+00 1.00e+00H  1
 279  3.5328688e-01 5.79e-08 8.53e-03  -4.3 1.59e-03    -  1.00e+00 1.00e+00h  1
iter    objective    inf_pr   inf_du lg(mu)  ||d||  lg(rg) alpha_du alpha_pr  ls
 280  3.5328170e-01 6.93e-08 6.88e-03  -4.3 2.83e-03    -  1.00e+00 1.00e+00h  1
 281  3.5327839e-01 3.56e-07 4.74e-03  -4.3 4.19e-03    -  1.00e+00 1.00e+00h  1
 282  3.5327764e-01 4.60e-07 3.00e-03  -4.3 4.59e-03    -  1.00e+00 1.00e+00h  1
 283  3.5327799e-01 2.22e-07 1.68e-03  -4.3 3.20e-03    -  1.00e+00 1.00e+00h  1
 284  3.5327756e-01 1.43e-07 6.30e-04  -4.3 2.90e-03    -  1.00e+00 1.00e+00h  1
 285  3.5327782e-01 7.69e-09 4.04e-04  -4.3 6.74e-04    -  1.00e+00 1.00e+00h  1
 286  3.4915889e-01 2.82e-06 3.17e-03  -6.4 1.07e-02    -  9.70e-01 1.00e+00f  1
 287  3.4917509e-01 2.29e-07 4.08e-03  -6.4 1.66e-02    -  1.00e+00 1.00e+00H  1
 288  3.5103194e-01 4.43e-04 4.19e+00  -4.0 1.80e+00    -  8.72e-01 8.93e-02f  1
 289  3.6178522e-01 4.27e-04 1.17e+00  -4.2 2.13e-01    -  9.34e-01 1.00e+00h  1
iter    objective    inf_pr   inf_du lg(mu)  ||d||  lg(rg) alpha_du alpha_pr  ls
 290  3.6067750e-01 2.24e-04 8.91e+00  -4.2 2.05e-02    -  1.00e+00 4.77e-01h  1
 291  3.5578782e-01 3.29e-05 7.22e-02  -4.2 8.51e-02    -  1.00e+00 1.00e+00h  1
 292  3.5549007e-01 1.33e-05 4.79e-02  -4.2 3.90e-02    -  1.00e+00 1.00e+00h  1
 293  3.5456485e-01 1.53e-05 1.66e+00  -4.2 4.61e-02    -  5.89e-01 1.00e+00h  1
 294  3.5303321e-01 3.51e-05 1.19e-02  -4.2 7.61e-02    -  1.00e+00 1.00e+00h  1
 295  3.5335532e-01 1.04e-05 1.60e-01  -4.2 2.97e-02    -  1.00e+00 8.80e-01h  1
 296  3.5373671e-01 1.97e-06 5.12e-03  -4.2 1.88e-02    -  1.00e+00 1.00e+00f  1
 297  3.5377625e-01 1.15e-06 1.31e-03  -4.2 1.04e-02    -  1.00e+00 1.00e+00h  1
 298  3.5379429e-01 1.72e-07 8.43e-04  -4.2 2.40e-03    -  1.00e+00 1.00e+00h  1
 299  3.5379986e-01 1.14e-09 7.91e-04  -4.2 3.38e-03    -  1.00e+00 1.00e+00H  1
iter    objective    inf_pr   inf_du lg(mu)  ||d||  lg(rg) alpha_du alpha_pr  ls
 300  3.5382647e-01 7.00e-10 4.99e-03  -4.2 1.11e-02    -  1.00e+00 1.00e+00H  1
 301  3.5378863e-01 2.62e-07 2.53e-03  -4.2 4.20e-03    -  1.00e+00 1.00e+00h  1
 302  3.5380341e-01 1.33e-07 1.68e-03  -4.2 2.52e-03    -  1.00e+00 1.00e+00h  1
 303  3.5380118e-01 7.18e-09 1.02e-03  -4.2 6.12e-03    -  1.00e+00 1.00e+00H  1
 304  3.5380265e-01 2.63e-08 6.64e-04  -4.2 1.31e-03    -  1.00e+00 1.00e+00h  1
 305  3.5380212e-01 4.35e-08 1.68e-04  -4.2 1.68e-03    -  1.00e+00 1.00e+00h  1
 306  3.4916874e-01 3.53e-06 4.21e-03  -6.3 1.20e-02    -  9.66e-01 1.00e+00f  1
 307  3.4918401e-01 3.37e-08 3.08e-04  -6.3 1.41e-03    -  1.00e+00 1.00e+00h  1
 308  3.5710357e-01 7.13e-05 1.49e-02  -4.0 6.42e-02    -  1.00e+00 1.00e+00f  1
 309  3.5534853e-01 3.74e-05 2.90e-03  -4.1 4.84e-02    -  1.00e+00 1.00e+00h  1
iter    objective    inf_pr   inf_du lg(mu)  ||d||  lg(rg) alpha_du alpha_pr  ls
 310  3.5518957e-01 1.27e-06 6.23e-03  -4.1 6.24e-03    -  1.00e+00 1.00e+00h  1
 311  3.5522604e-01 3.27e-07 3.67e-03  -4.1 5.62e-03    -  1.00e+00 1.00e+00h  1
 312  3.5522875e-01 1.41e-07 2.21e-03  -4.1 2.62e-03    -  1.00e+00 1.00e+00h  1
 313  3.5522991e-01 8.70e-08 7.82e-04  -4.1 1.92e-03    -  1.00e+00 1.00e+00h  1
 314  3.4932547e-01 7.09e-06 1.92e-02  -6.1 1.59e-02    -  9.53e-01 1.00e+00f  1
 315  3.4916951e-01 1.55e-06 8.04e-03  -6.1 5.12e-02    -  1.00e+00 1.00e+00H  1
 316  3.4916101e-01 4.90e-06 1.83e-01  -6.1 2.37e-01    -  8.26e-01 5.73e-02h  4
 317  3.4914934e-01 1.56e-05 1.70e-01  -6.1 1.80e-01    -  1.00e+00 1.38e-01h  3
 318  3.4910142e-01 4.37e-10 2.01e-04  -6.1 2.12e-04    -  1.00e+00 1.00e+00h  1
 319  3.5701447e-01 2.15e-05 6.96e-03  -4.0 2.11e-02    -  1.00e+00 1.00e+00f  1
iter    objective    inf_pr   inf_du lg(mu)  ||d||  lg(rg) alpha_du alpha_pr  ls
 320  3.5549262e-01 4.73e-06 4.53e-03  -4.1 1.89e-02    -  1.00e+00 1.00e+00h  1
 321  3.5535444e-01 1.69e-05 4.30e-03  -4.1 3.09e-02    -  1.00e+00 1.00e+00h  1
 322  3.5538881e-01 1.20e-05 8.74e-03  -4.1 2.67e-02    -  1.00e+00 1.00e+00h  1
 323  3.5533040e-01 6.28e-07 5.71e-03  -4.1 5.21e-03    -  1.00e+00 1.00e+00h  1
 324  3.5535019e-01 2.05e-07 1.95e-03  -4.1 2.68e-03    -  1.00e+00 1.00e+00h  1
 325  3.5534872e-01 1.51e-07 1.03e-03  -4.1 3.14e-03    -  1.00e+00 1.00e+00h  1
 326  3.5534823e-01 3.83e-08 4.47e-04  -4.1 1.50e-03    -  1.00e+00 1.00e+00h  1
 327  3.4921155e-01 6.00e-06 9.57e-03  -6.1 1.60e-02    -  9.56e-01 1.00e+00f  1
 328  3.4920626e-01 4.97e-07 7.32e-04  -6.1 5.44e-03    -  1.00e+00 1.00e+00h  1
 329  3.4918242e-01 3.49e-07 9.77e-03  -6.1 4.33e-02    -  1.00e+00 1.00e+00H  1
iter    objective    inf_pr   inf_du lg(mu)  ||d||  lg(rg) alpha_du alpha_pr  ls
 330  3.4917927e-01 3.48e-06 2.32e-01  -6.1 2.90e-01    -  7.48e-01 4.94e-02h  4
 331  3.4916701e-01 7.52e-10 1.52e-04  -6.1 1.52e-04    -  1.00e+00 1.00e+00h  1
 332  3.4913267e-01 4.70e-07 6.55e-04  -6.1 3.63e-03    -  1.00e+00 1.00e+00h  1
 333  3.4914611e-01 2.31e-08 4.68e-04  -6.1 1.03e-03    -  1.00e+00 1.00e+00h  1
 334  3.4912819e-01 8.27e-06 3.64e-03  -6.1 2.03e-02    -  1.00e+00 1.00e+00h  1
 335  3.4911517e-01 1.89e-05 2.02e-01  -6.1 8.47e-01    -  3.23e-01 2.89e-02h  3
 336  3.4909875e-01 2.52e-05 6.07e-01  -6.1 2.69e-01    -  1.00e+00 7.96e-02h  3
 337  3.4898080e-01 1.80e-05 1.08e-01  -6.1 1.02e-01    -  1.00e+00 7.96e-01H  1
 338  3.5004738e-01 1.79e-04 3.87e+00  -4.0 2.83e+00    -  2.81e-01 5.46e-02f  1
 339  3.5114440e-01 1.76e-05 1.19e-02  -4.7 9.27e-02    -  1.00e+00 1.00e+00h  1
iter    objective    inf_pr   inf_du lg(mu)  ||d||  lg(rg) alpha_du alpha_pr  ls
 340  3.5094179e-01 1.75e-05 8.62e-03  -4.7 3.31e-02    -  1.00e+00 1.00e+00h  1
 341  3.5059136e-01 1.21e-05 1.80e-03  -4.7 2.49e-02    -  1.00e+00 1.00e+00h  1
 342  3.5061533e-01 8.33e-07 3.74e-03  -4.7 1.05e-02    -  1.00e+00 1.00e+00h  1
 343  3.5061774e-01 1.71e-08 2.85e-03  -4.7 3.02e-03    -  1.00e+00 1.00e+00h  1
 344  3.5062284e-01 9.04e-08 2.43e-03  -4.7 3.73e-03    -  1.00e+00 1.00e+00h  1
 345  3.5063340e-01 5.51e-07 1.30e-03  -4.7 6.18e-03    -  1.00e+00 1.00e+00h  1
 346  3.5063612e-01 2.14e-07 1.86e-03  -4.7 2.95e-03    -  1.00e+00 1.00e+00h  1
 347  3.5064290e-01 4.40e-10 1.15e-03  -4.7 4.05e-03    -  1.00e+00 1.00e+00H  1
 348  3.5064746e-01 1.70e-07 1.01e-03  -4.7 3.07e-03    -  1.00e+00 1.00e+00h  1
 349  3.5065064e-01 1.28e-07 8.80e-04  -4.7 2.67e-03    -  1.00e+00 1.00e+00h  1
iter    objective    inf_pr   inf_du lg(mu)  ||d||  lg(rg) alpha_du alpha_pr  ls
 350  3.5065033e-01 7.08e-13 7.40e-06  -4.7 7.45e-06    -  1.00e+00 1.00e+00h  1
 351  3.4916389e-01 3.87e-07 1.65e-03  -7.0 3.95e-03    -  9.90e-01 1.00e+00f  1
 352  3.4911673e-01 2.16e-07 9.83e-04  -7.0 3.50e-03    -  1.00e+00 1.00e+00h  1
 353  3.4911146e-01 4.79e-07 7.50e-04  -7.0 4.64e-03    -  1.00e+00 1.00e+00h  1
 354  3.4901805e-01 3.05e-05 1.67e-02  -7.0 1.04e-01    -  1.00e+00 7.39e-01H  1
 355  3.4900673e-01 3.01e-05 1.37e-01  -7.0 1.55e-01    -  1.00e+00 1.86e-02h  1
 356  3.4893845e-01 2.94e-05 9.70e-02  -7.0 8.27e-02    -  1.00e+00 2.05e-01h  1
 357  3.4950593e-01 2.72e-05 1.29e+01  -4.0 4.48e-01    -  1.00e+00 7.41e-02f  1
 358  3.5053306e-01 6.30e-05 1.53e-02  -4.0 6.70e-02    -  1.00e+00 1.00e+00h  1
 359  3.5390795e-01 3.43e-05 2.41e-01  -4.0 2.30e-01    -  1.00e+00 5.10e-01h  1
iter    objective    inf_pr   inf_du lg(mu)  ||d||  lg(rg) alpha_du alpha_pr  ls
 360  3.5717085e-01 1.89e-05 2.28e-02  -4.0 4.28e-02    -  1.00e+00 1.00e+00f  1
 361  3.5736128e-01 2.82e-05 1.16e-02  -4.0 5.61e-02    -  1.00e+00 1.00e+00h  1
 362  3.5751650e-01 2.19e-06 5.29e-03  -4.0 1.15e-02    -  1.00e+00 1.00e+00h  1
 363  3.5749662e-01 2.99e-06 2.65e-03  -4.0 1.32e-02    -  1.00e+00 1.00e+00h  1
 364  3.5747679e-01 6.66e-07 2.01e-03  -4.0 6.29e-03    -  1.00e+00 1.00e+00h  1
 365  3.5747282e-01 4.86e-08 1.16e-03  -4.0 1.68e-03    -  1.00e+00 1.00e+00h  1
 366  3.5747244e-01 1.01e-08 2.10e-04  -4.0 7.13e-04    -  1.00e+00 1.00e+00h  1
 367  3.4936518e-01 1.00e-05 3.29e-02  -5.9 2.09e-02    -  9.42e-01 1.00e+00f  1
 368  3.4924000e-01 1.66e-08 2.72e-04  -5.9 1.45e-03    -  1.00e+00 1.00e+00h  1
 369  3.4923623e-01 3.64e-11 4.68e-04  -5.9 2.05e-03    -  1.00e+00 1.00e+00H  1
iter    objective    inf_pr   inf_du lg(mu)  ||d||  lg(rg) alpha_du alpha_pr  ls
 370  3.5754514e-01 2.50e-04 3.16e-02  -4.0 1.19e-01    -  1.00e+00 1.00e+00f  1
 371  3.5561373e-01 1.22e-04 5.57e-03  -4.1 8.62e-02    -  1.00e+00 1.00e+00h  1
 372  3.5512753e-01 1.19e-06 1.67e-02  -4.1 6.56e-03    -  1.00e+00 1.00e+00h  1
 373  3.5515147e-01 1.49e-07 1.39e-02  -4.1 2.41e-03    -  1.00e+00 1.00e+00h  1
 374  3.5518350e-01 1.62e-06 6.78e-03  -4.1 9.45e-03    -  1.00e+00 1.00e+00h  1
 375  3.5520505e-01 1.26e-06 3.71e-03  -4.1 9.17e-03    -  1.00e+00 1.00e+00h  1
 376  3.5522527e-01 1.95e-07 1.96e-03  -4.1 3.44e-03    -  1.00e+00 1.00e+00h  1
 377  3.5523059e-01 6.46e-08 2.78e-04  -4.1 2.07e-03    -  1.00e+00 1.00e+00h  1
 378  3.4921797e-01 5.78e-06 9.20e-03  -6.1 1.57e-02    -  9.56e-01 1.00e+00f  1
 379  3.4919526e-01 4.50e-07 4.82e-03  -6.1 3.07e-02    -  1.00e+00 1.00e+00H  1
iter    objective    inf_pr   inf_du lg(mu)  ||d||  lg(rg) alpha_du alpha_pr  ls
 380  3.4888238e-01 9.25e-05 2.40e-02  -6.1 1.06e-01    -  1.00e+00 1.00e+00H  1
 381  3.4938093e-01 4.26e-05 3.55e-02  -5.6 6.05e-02    -  1.00e+00 1.00e+00h  1
 382  3.4915087e-01 5.27e-07 3.25e-02  -5.8 3.27e-02    -  1.00e+00 1.00e+00h  1
 383  3.4902121e-01 9.53e-06 1.02e-01  -5.8 5.04e-02    -  1.00e+00 5.39e-01h  1
 384  3.4892367e-01 1.02e-05 7.20e-01  -5.5 2.44e-01    -  1.00e+00 1.88e-01f  1
 385  3.5177323e-01 2.12e-04 1.91e-02  -4.0 6.93e-01    -  1.00e+00 2.12e-01f  1
 386  3.5454014e-01 2.97e-05 3.26e-02  -4.2 8.89e-02    -  1.00e+00 1.00e+00h  1
 387  3.5433788e-01 7.27e-06 3.09e-02  -4.2 2.19e-02    -  1.00e+00 1.00e+00h  1
 388  3.5434103e-01 1.41e-06 1.59e-02  -4.2 3.41e-02    -  1.00e+00 1.00e+00H  1
 389  3.5432026e-01 6.31e-06 2.89e-03  -4.2 2.04e-02    -  1.00e+00 1.00e+00h  1
iter    objective    inf_pr   inf_du lg(mu)  ||d||  lg(rg) alpha_du alpha_pr  ls
 390  3.5432668e-01 5.48e-07 2.36e-03  -4.2 5.66e-03    -  1.00e+00 1.00e+00h  1
 391  3.5432041e-01 6.38e-08 1.24e-03  -4.2 1.82e-03    -  1.00e+00 1.00e+00h  1
 392  3.5431667e-01 6.39e-08 9.95e-05  -4.2 1.85e-03    -  1.00e+00 1.00e+00h  1
 393  3.4920614e-01 4.26e-06 6.25e-03  -6.2 1.35e-02    -  9.63e-01 1.00e+00f  1
 394  3.4919025e-01 7.28e-08 1.36e-04  -6.2 2.04e-03    -  1.00e+00 1.00e+00h  1
 395  3.4918985e-01 1.38e-09 6.50e-04  -6.2 2.96e-03    -  1.00e+00 1.00e+00H  1
 396  3.4918812e-01 1.70e-07 3.48e-03  -6.2 1.54e-02    -  1.00e+00 1.00e+00H  1
 397  3.4915362e-01 1.31e-05 2.04e-02  -6.2 8.62e-02    -  1.00e+00 1.00e+00H  1
 398  3.4911608e-01 1.98e-09 2.91e-04  -6.2 2.91e-04    -  1.00e+00 1.00e+00h  1
 399  3.4903813e-01 3.91e-07 2.77e-03  -6.2 4.96e-03    -  1.00e+00 1.00e+00h  1
iter    objective    inf_pr   inf_du lg(mu)  ||d||  lg(rg) alpha_du alpha_pr  ls
 400  3.5671879e-01 9.18e-05 1.07e-02  -4.0 1.24e-01    -  1.00e+00 1.00e+00f  1
 401  3.5551582e-01 1.13e-05 6.06e-03  -4.1 3.71e-02    -  1.00e+00 1.00e+00h  1
 402  3.5543198e-01 1.48e-05 5.37e-03  -4.1 3.00e-02    -  1.00e+00 1.00e+00h  1
 403  3.5548573e-01 1.04e-05 7.78e-03  -4.1 2.39e-02    -  1.00e+00 1.00e+00h  1
 404  3.5544046e-01 4.66e-07 4.22e-03  -4.1 4.94e-03    -  1.00e+00 1.00e+00h  1
 405  3.5545222e-01 6.85e-07 8.72e-04  -4.1 5.65e-03    -  1.00e+00 1.00e+00h  1
 406  3.5544894e-01 7.56e-09 3.98e-04  -4.1 7.65e-04    -  1.00e+00 1.00e+00h  1
 407  3.4923763e-01 6.18e-06 8.49e-03  -6.1 1.62e-02    -  9.55e-01 1.00e+00f  1
 408  3.4921211e-01 2.73e-06 1.80e-03  -6.1 1.28e-02    -  1.00e+00 1.00e+00h  1
 409  3.4905857e-01 5.00e-06 2.19e-02  -6.1 9.68e-02    -  1.00e+00 1.00e+00H  1
iter    objective    inf_pr   inf_du lg(mu)  ||d||  lg(rg) alpha_du alpha_pr  ls
 410  3.4903083e-01 1.62e-05 5.49e-01  -6.1 3.62e-01    -  6.31e-01 9.52e-02h  1
 411  3.4897494e-01 5.34e-09 5.51e-03  -6.1 5.51e-03    -  1.00e+00 1.00e+00h  1
 412  3.5024296e-01 1.23e-05 1.04e+00  -4.0 5.61e-01    -  1.00e+00 1.47e-01f  1
 413  3.5468848e-01 2.38e-05 1.17e-02  -4.1 5.13e-02    -  1.00e+00 1.00e+00h  1
 414  3.5492420e-01 3.79e-05 1.09e-02  -4.1 5.44e-02    -  1.00e+00 1.00e+00h  1
 415  3.5477764e-01 5.20e-06 5.83e-03  -4.1 1.55e-02    -  1.00e+00 1.00e+00h  1
 416  3.5478307e-01 6.73e-06 2.67e-03  -4.1 1.89e-02    -  1.00e+00 1.00e+00h  1
 417  3.5476409e-01 3.33e-07 1.50e-03  -4.1 4.59e-03    -  1.00e+00 1.00e+00h  1
 418  3.5476344e-01 7.24e-08 7.38e-04  -4.1 2.15e-03    -  1.00e+00 1.00e+00h  1
 419  3.5361476e-01 1.50e-07 2.80e-03  -6.2 2.88e-03    -  1.00e+00 1.00e+00h  1
iter    objective    inf_pr   inf_du lg(mu)  ||d||  lg(rg) alpha_du alpha_pr  ls
 420  3.5188501e-01 1.58e-06 2.80e+00  -6.2 1.17e-01    -  1.00e+00 7.76e-02h  1
 421  3.4925204e-01 9.24e-07 2.24e-01  -6.2 7.23e-03    -  1.00e+00 9.30e-01h  1
 422  3.4919555e-01 2.77e-08 5.26e-04  -6.2 9.54e-04    -  1.00e+00 1.00e+00h  1
 423  3.4919497e-01 1.57e-08 8.60e-05  -6.2 6.88e-04    -  1.00e+00 1.00e+00h  1
 424  3.4919564e-01 2.73e-11 1.95e-05  -6.2 1.26e-04    -  1.00e+00 1.00e+00h  1
 425  3.5690828e-01 1.06e-05 3.61e-03  -4.0 1.99e-02    -  1.00e+00 1.00e+00f  1
 426  3.5523674e-01 5.77e-07 4.57e-04  -4.1 4.27e-03    -  1.00e+00 1.00e+00h  1
 427  3.4932823e-01 5.79e-06 4.09e-02  -6.1 1.54e-02    -  9.56e-01 1.00e+00h  1
 428  3.4920001e-01 6.71e-08 1.26e-03  -6.1 3.25e-03    -  1.00e+00 9.96e-01h  1
 429  3.4920203e-01 2.42e-09 4.99e-05  -6.1 4.55e-04    -  1.00e+00 1.00e+00h  1
iter    objective    inf_pr   inf_du lg(mu)  ||d||  lg(rg) alpha_du alpha_pr  ls
 430  3.4920210e-01 1.68e-10 1.95e-05  -6.1 5.65e-04    -  1.00e+00 1.00e+00h  1
 431  3.4920314e-01 1.81e-11 1.50e-03  -6.1 2.89e-02    -  1.00e+00 1.00e+00H  1
 432  3.4920068e-01 5.38e-08 7.16e-04  -6.1 1.20e-02    -  1.00e+00 1.00e+00h  1
 433  3.4920144e-01 3.37e-11 5.41e-04  -6.1 8.07e-03    -  1.00e+00 1.00e+00H  1
 434  3.4920086e-01 5.45e-11 6.67e-04  -6.1 1.06e-02    -  1.00e+00 1.00e+00H  1
 435  3.4919991e-01 9.94e-11 8.18e-04  -6.1 1.14e-02    -  1.00e+00 1.00e+00H  1
 436  3.4919990e-01 1.46e-12 1.27e-05  -6.1 1.27e-05    -  1.00e+00 1.00e+00h  1
 437  3.5689881e-01 4.18e-05 6.94e-03  -4.0 5.84e-02    -  1.00e+00 1.00e+00f  1
 438  3.5548680e-01 9.01e-07 7.52e-04  -4.1 7.08e-03    -  1.00e+00 1.00e+00h  1
 439  3.4932504e-01 6.34e-06 2.96e-02  -6.1 1.64e-02    -  9.53e-01 1.00e+00h  1
iter    objective    inf_pr   inf_du lg(mu)  ||d||  lg(rg) alpha_du alpha_pr  ls
 440  3.4917683e-01 8.27e-07 1.77e-03  -6.1 1.02e-02    -  1.00e+00 1.00e+00h  1
 441  3.4919905e-01 1.07e-07 3.67e-04  -6.1 3.42e-03    -  1.00e+00 1.00e+00h  1
 442  3.4920289e-01 1.81e-09 1.10e-04  -6.1 3.49e-04    -  1.00e+00 1.00e+00h  1
 443  3.4920226e-01 4.03e-09 9.48e-04  -6.1 3.78e-03    -  1.00e+00 1.00e+00H  1
 444  3.4920204e-01 1.66e-07 1.96e-01  -6.1 9.07e-02    -  1.00e+00 3.12e-02h  6
 445  3.4920196e-01 1.68e-07 1.93e-01  -6.1 9.69e-02    -  1.00e+00 3.91e-03h  9
 446  3.4916208e-01 1.16e-05 2.28e-02  -6.1 7.91e-02    -  1.00e+00 1.00e+00H  1
 447  3.4912817e-01 2.30e-09 3.04e-04  -6.1 3.04e-04    -  1.00e+00 1.00e+00h  1
 448  3.4902406e-01 7.32e-07 2.20e-03  -6.1 6.10e-03    -  1.00e+00 1.00e+00h  1
 449  3.4901639e-01 4.03e-07 1.31e-03  -6.1 6.51e-03    -  1.00e+00 1.00e+00h  1
iter    objective    inf_pr   inf_du lg(mu)  ||d||  lg(rg) alpha_du alpha_pr  ls
 450  3.4902014e-01 3.66e-09 1.10e-03  -6.1 5.11e-03    -  1.00e+00 1.00e+00H  1
 451  3.4898069e-01 3.79e-05 1.45e-01  -6.1 2.14e-01    -  1.00e+00 2.12e-01h  1
 452  3.4888239e-01 3.43e-05 6.76e-02  -6.1 9.13e-02    -  1.00e+00 3.71e-01h  1
 453  3.4878695e-01 2.18e-05 1.05e-02  -6.1 8.91e-02    -  1.00e+00 4.43e-01h  1
 454  3.5010370e-01 1.81e-05 3.59e+01  -4.0 1.93e-01    -  1.00e+00 1.78e-01f  1
 455  3.5105282e-01 2.44e-06 3.45e-03  -4.0 2.23e-02    -  1.00e+00 1.00e+00h  1
 456  3.5769213e-01 3.99e-04 4.42e-02  -4.0 1.48e-01    -  1.00e+00 1.00e+00f  1
 457  3.5650345e-01 3.01e-06 3.36e-02  -4.0 4.36e-02    -  1.00e+00 1.00e+00h  1
 458  3.5615438e-01 9.48e-06 1.88e-02  -4.0 2.46e-02    -  1.00e+00 1.00e+00h  1
 459  3.5628966e-01 2.88e-06 3.41e-03  -4.0 1.45e-02    -  1.00e+00 1.00e+00h  1
iter    objective    inf_pr   inf_du lg(mu)  ||d||  lg(rg) alpha_du alpha_pr  ls
 460  3.5630027e-01 1.92e-07 4.90e-04  -4.0 5.43e-03    -  1.00e+00 1.00e+00h  1
 461  3.4925235e-01 7.90e-06 4.84e-02  -6.0 1.87e-02    -  9.49e-01 1.00e+00f  1
 462  3.4921358e-01 2.52e-06 4.37e-03  -6.0 1.38e-02    -  1.00e+00 1.00e+00h  1
 463  3.4919848e-01 3.07e-07 1.73e-03  -6.0 8.84e-03    -  1.00e+00 1.00e+00h  1
 464  3.4921400e-01 7.31e-08 9.00e-04  -6.0 1.82e-03    -  1.00e+00 1.00e+00h  1
 465  3.4919241e-01 1.35e-06 7.43e-03  -6.0 4.19e-02    -  1.00e+00 1.00e+00H  1
 466  3.4900570e-01 2.41e-06 1.22e-02  -6.0 7.32e-02    -  1.00e+00 1.00e+00H  1
 467  3.4896249e-01 9.98e-06 1.48e-01  -6.0 1.46e-01    -  1.00e+00 1.75e-01h  1
 468  3.4951992e-01 9.24e-06 2.31e+01  -4.0 4.14e-01    -  1.00e+00 7.59e-02f  1
 469  3.5030988e-01 1.16e-04 2.42e-02  -4.0 9.39e-02    -  1.00e+00 1.00e+00h  1
iter    objective    inf_pr   inf_du lg(mu)  ||d||  lg(rg) alpha_du alpha_pr  ls
 470  3.5594330e-01 5.87e-05 1.19e-02  -4.0 1.22e-01    -  1.00e+00 1.00e+00h  1
 471  3.5646149e-01 1.19e-05 6.33e-03  -4.0 4.98e-02    -  1.00e+00 1.00e+00h  1
 472  3.5661794e-01 1.45e-05 6.82e-03  -4.0 3.78e-02    -  1.00e+00 1.00e+00h  1
 473  3.5669762e-01 1.23e-05 8.90e-03  -4.0 2.96e-02    -  1.00e+00 1.00e+00h  1
 474  3.5652328e-01 4.36e-06 8.04e-03  -4.0 1.35e-02    -  1.00e+00 1.00e+00h  1
 475  3.5658057e-01 7.32e-07 1.63e-03  -4.0 6.03e-03    -  1.00e+00 1.00e+00h  1
 476  3.5658605e-01 1.11e-07 9.23e-04  -4.0 2.62e-03    -  1.00e+00 1.00e+00h  1
 477  3.4917031e-01 8.51e-06 5.77e-03  -6.0 1.94e-02    -  9.47e-01 1.00e+00f  1
 478  3.4923553e-01 6.40e-06 3.10e-03  -6.0 1.96e-02    -  1.00e+00 1.00e+00h  1
 479  3.4913367e-01 1.60e-05 1.80e-02  -6.0 6.24e-02    -  1.00e+00 1.00e+00H  1
iter    objective    inf_pr   inf_du lg(mu)  ||d||  lg(rg) alpha_du alpha_pr  ls
 480  3.4905874e-01 3.35e-06 3.37e-02  -6.0 5.86e-02    -  1.00e+00 1.00e+00H  1
 481  3.4906412e-01 2.36e-09 2.88e-04  -6.0 2.92e-04    -  1.00e+00 1.00e+00h  1
 482  3.5600801e-01 9.58e-05 1.46e-01  -4.0 1.48e-01    -  1.00e+00 9.15e-01f  1
 483  3.5576857e-01 2.14e-05 9.57e-03  -4.1 4.97e-02    -  1.00e+00 1.00e+00f  1
 484  3.5579019e-01 4.29e-05 8.76e-03  -4.1 5.15e-02    -  1.00e+00 1.00e+00h  1
 485  3.5574279e-01 6.09e-06 8.74e-03  -4.1 1.90e-02    -  1.00e+00 1.00e+00h  1
 486  3.5571249e-01 1.38e-07 5.38e-03  -4.1 2.67e-03    -  1.00e+00 1.00e+00h  1
 487  3.5571394e-01 4.95e-07 8.10e-04  -4.1 5.31e-03    -  1.00e+00 1.00e+00h  1
 488  3.4931356e-01 6.55e-06 7.09e-03  -6.1 1.65e-02    -  9.53e-01 1.00e+00h  1
 489  3.4921193e-01 9.08e-07 1.38e-03  -6.1 7.23e-03    -  1.00e+00 1.00e+00h  1
iter    objective    inf_pr   inf_du lg(mu)  ||d||  lg(rg) alpha_du alpha_pr  ls
 490  3.4916447e-01 1.12e-06 1.06e-02  -6.1 5.35e-02    -  1.00e+00 1.00e+00H  1
 491  3.4915514e-01 1.23e-05 1.38e-01  -6.1 2.68e-01    -  6.57e-01 9.36e-02h  2
 492  3.4911657e-01 2.17e-10 1.40e-04  -6.1 1.47e-04    -  1.00e+00 1.00e+00h  1
 493  3.5699776e-01 1.24e-04 9.18e-03  -4.0 1.68e-01    -  1.00e+00 1.00e+00f  1
 494  3.5554972e-01 1.26e-05 7.82e-03  -4.1 1.03e-01    -  1.00e+00 1.00e+00h  1
 495  3.5544980e-01 9.95e-06 5.26e-03  -4.1 2.43e-02    -  1.00e+00 1.00e+00h  1
 496  3.5544833e-01 2.43e-06 2.93e-03  -4.1 1.14e-02    -  1.00e+00 1.00e+00h  1
 497  3.5545617e-01 5.53e-07 1.36e-03  -4.1 5.47e-03    -  1.00e+00 1.00e+00h  1
 498  3.5545667e-01 9.22e-12 1.58e-05  -4.1 1.58e-05    -  1.00e+00 1.00e+00h  1
 499  3.4998593e-01 5.14e-06 1.54e-02  -6.1 1.50e-02    -  9.62e-01 1.00e+00f  1
iter    objective    inf_pr   inf_du lg(mu)  ||d||  lg(rg) alpha_du alpha_pr  ls
 500  3.4922821e-01 8.11e-07 2.97e-02  -6.1 3.50e-03    -  1.00e+00 8.60e-01h  1

Number of Iterations....: 500

                                   (scaled)                 (unscaled)
Objective...............:   3.4922821280767247e-01    3.4922821280767247e-01
Dual infeasibility......:   2.9746458311798563e-02    2.9746458311798563e-02
Constraint violation....:   8.1090642870158824e-07    8.1090642870158824e-07
Variable bound violation:   0.0000000000000000e+00    0.0000000000000000e+00
Complementarity.........:   1.7646193124229136e-06    1.7646193124229136e-06
Overall NLP error.......:   2.9746458311798563e-02    2.9746458311798563e-02


Number of objective function evaluations             = 617
Number of objective gradient evaluations             = 501
Number of equality constraint evaluations            = 617
Number of inequality constraint evaluations          = 617
Number of equality constraint Jacobian evaluations   = 501
Number of inequality constraint Jacobian evaluations = 501
Number of Lagrangian Hessian evaluations             = 0
Total seconds in IPOPT                               = 41.547

EXIT: Maximum Number of Iterations Exceeded.
